125
125 94
124 1
123 2
122 51
121 116
121 33
120 33
120 3
119 117
118 19
118 18
117 124
116 13
113 76
113 57
112 95
111 84
108 70
106 95
105 104
105 5
103 77
101 115
100 56
100 38
100 22
99 81
97 113
94 93
94 72
94 61
94 0
92 106
92 64
92 6
91 72
91 45
91 11
90 107
90 53
90 7
88 95
88 68
88 9
87 89
87 9
86 0
85 98
84 84
84 25
82 66
81 105
80 1
76 79
74 5
73 125
73 74
72 10
69 88
67 119
67 70
67 1
65 113
64 117
64 74
63 71
62 116
62 9
58 87
58 37
58 16
57 114
57 70
57 48
53 2
51 54
51 37
50 7
49 121
48 44
45 106
42 98
42 6
41 103
41 95
41 70
41 24
33 39
33 34
32 91
32 27
31 104
31 48
30 34
29 30
28 61
26 68
26 15
25 20
24 17
22 6
21 50
19 116
18 65
18 52
18 5
17 99
14 6
13 0
12 94
12 8
11 85
11 64
11 49
10 50
9 102
9 95
8 48
7 2
7 1
6 91
5 27
3 14
1 39
1 19
